kab_kota,Melahirkan Tidak di Faskes,Kemiskinan,Konsumsi Protein,Pangan Hewani,RLS,faktor_dominan
Bombana,0.1688045570267932,0.2173622994136672,0.1951422490766845,0.2172926698789742,0.2013982246038805,Pangan Hewani
Kota Bau Bau,0.1623696200603782,0.2306546679325176,0.1755962495696637,0.2308086125194223,0.2005708499180179,Pangan Hewani
Nias Selatan,0.1991246255820576,0.2066517715307254,0.1805139625565801,0.2072777606951616,0.2064318796354749,Pangan Hewani
Poso,0.1553493480976429,0.2335766194903835,0.1916079460524704,0.2342146460169057,0.1852514403425971,Pangan Hewani
Dharmasraya,0.1858847572129393,0.1868346041233954,0.172649694646774,0.226937788422655,0.2276931555942359,Pangan Hewani
Murung Raya,0.2128388061444013,0.2139112727149642,0.1891816969151555,0.2072530357966245,0.1768151884288542,Melahirkan Tidak di Faskes
Mamasa,0.1462646411665664,0.2298901105582091,0.2078532363332896,0.2310516738286811,0.1849403381132532,Pangan Hewani
Seram Bagian Barat,0.1725560561504911,0.2011120430481676,0.1542838211745489,0.235414345271428,0.2366337343553641,Pangan Hewani
Kota Dumai,0.1788682807954172,0.1949588536185771,0.1878403553079508,0.219813754213912,0.2185187560641424,Pangan Hewani
Kota Kendari,0.1720023839331305,0.2186143375720522,0.1947341881247644,0.2199967896596265,0.1946523007104261,Pangan Hewani
Balangan,0.1844587884416433,0.2095062351702082,0.2036942851373745,0.2110290619621667,0.1913116292886071,Pangan Hewani
Barito Selatan,0.1789748315941451,0.2182568075808676,0.2165686139528621,0.2023942510100529,0.1838054958620719,Konsumsi Protein
Buton Utara,0.1610773951389404,0.2239939683353684,0.1787178911059421,0.2256941874701916,0.2105165579495571,Pangan Hewani
Halmahera Selatan,0.2271108317525593,0.1982645621999201,0.1698464637963295,0.1759301004968484,0.2288480417543423,Melahirkan Tidak di Faskes
Pulau Taliabu,0.2090840107921464,0.2103634061690819,0.1812734589241322,0.1870252780254559,0.2122538460891832,RLS
Purwakarta,0.1837186959686824,0.1904788426327042,0.2012852121141504,0.211135103316283,0.2133821459681797,Pangan Hewani
Kota Cimahi,0.1818517181754014,0.1869347772566636,0.1898547256474949,0.2195447455720986,0.2218140333483413,Pangan Hewani
Kapuas Hulu,0.1917829771775597,0.1684536753399931,0.1987155060982574,0.2216931659132951,0.2193546754708941,Pangan Hewani
Melawi,0.1917829771775597,0.1684536753399931,0.1987155060982574,0.2216931659132951,0.2193546754708941,Pangan Hewani
Malaka,0.1465195219062343,0.2556219056473879,0.1549945967615173,0.2531158592366362,0.1897481164482237,Pangan Hewani
Banggai Laut,0.190622361470366,0.2131641670015006,0.1936716470599182,0.1919098355310615,0.2106319889371532,Kemiskinan
Subang,0.1870471743157209,0.1836758519063489,0.2052286993573967,0.2132940964103272,0.210754178010206,Pangan Hewani
Bolaang Mongondow,0.1930847645195003,0.2201399992115227,0.1846941027921667,0.1793162682562629,0.222764865220547,RLS
Buton Tengah,0.1580979192650977,0.2313819925974161,0.1779307114368006,0.2285758840870153,0.20401349261367,Pangan Hewani
Kota Gorontalo,0.1832443594680333,0.2136842858060635,0.1889307422317248,0.1976265901293016,0.2165140223648764,RLS
Kota Lubuk Linggau,0.1790026013487387,0.199617139874548,0.1784436355274499,0.2200445669680041,0.2228920562812588,Pangan Hewani
Tegal,0.1341128864417705,0.2125257095019545,0.2021166168788888,0.2241809467212889,0.2270638404560969,Pangan Hewani
Bolaang Mongondow Selatan,0.1906293368664954,0.2257553451915414,0.1721344471402406,0.1828095239123265,0.2286713468893957,RLS
Kota Cirebon,0.1764701302642749,0.1804065711454925,0.2066171322512292,0.2197500369988931,0.21675612934011,Pangan Hewani
Ketapang,0.1953685647570252,0.1894443813803475,0.2138682988546,0.210866969808412,0.1904517851996149,Konsumsi Protein
Bengkalis,0.1794578792090602,0.1944969866316557,0.1783409438159858,0.2254397890154381,0.2222644013278599,Pangan Hewani
Serdang Bedagai,0.180255565963625,0.2187478092409751,0.1822050901434105,0.1966559434900386,0.2221355911619505,RLS
Pemalang,0.1444536962733466,0.2232402124017098,0.1934379346621545,0.2122396549056665,0.2266285017571224,RLS
Sumenep,0.1617230611609861,0.2184208029544476,0.222077982306899,0.2133242692902287,0.1844538842874383,Konsumsi Protein
Pakpak Bharat,0.1949862594788753,0.2137762833288515,0.1843200201183965,0.2101112144499091,0.1968062226239672,Pangan Hewani
Pelalawan,0.1809929313174357,0.1954880639000125,0.1823938905500533,0.218688608310957,0.222436505921541,Pangan Hewani
Kampar,0.1809929313174357,0.1954880639000125,0.1823938905500533,0.218688608310957,0.222436505921541,Pangan Hewani
Indragiri Hilir,0.1809929313174357,0.1954880639000125,0.1823938905500533,0.218688608310957,0.222436505921541,Pangan Hewani
Gorontalo,0.1757060619327222,0.2375285788691024,0.1783190669106995,0.1747787477018283,0.2336675445856473,Kemiskinan
Kutai Kartanegara,0.1604491490627324,0.2312206332734342,0.184414595098087,0.2350856040396273,0.1888300185261187,Pangan Hewani
Kota Solok,0.1822803943946768,0.1933187577099555,0.1745029859832473,0.2229616911217399,0.2269361707903802,Pangan Hewani
Takalar,0.1500430431118103,0.2293532500757281,0.2022512685269382,0.225085403176389,0.1932670351091339,Pangan Hewani
Sidenreng Rappang,0.1500430431118103,0.2293532500757281,0.2022512685269382,0.225085403176389,0.1932670351091339,Pangan Hewani
Sinjai,0.1500430431118103,0.2293532500757281,0.2022512685269382,0.225085403176389,0.1932670351091339,Pangan Hewani
Luwu,0.1500430431118103,0.2293532500757281,0.2022512685269382,0.225085403176389,0.1932670351091339,Pangan Hewani
Maros,0.1500430431118103,0.2293532500757281,0.2022512685269382,0.225085403176389,0.1932670351091339,Pangan Hewani
Polewali Mandar,0.1475832459524811,0.2322836949229772,0.2090834516517062,0.2279502079136052,0.1830993995592299,Pangan Hewani
Kota Padang Sidempuan,0.2054781876994341,0.2066253342781808,0.172773839889412,0.2112363700039012,0.2038862681290716,Pangan Hewani
Pohuwato,0.1592732712528672,0.2329505052925534,0.1742516587266441,0.1959009237402275,0.2376236409877076,RLS
Bandung,0.1957290610073253,0.1897264490036213,0.1902096711421478,0.2097763288594047,0.2145584899875004,Pangan Hewani
Banyumas,0.1511126687148634,0.2293625398278756,0.1869517622675009,0.2083205006654024,0.2242525285243574,Kemiskinan
Gunung Mas,0.2081474630235356,0.210295705447402,0.2154502172184251,0.188867568537575,0.177239045773062,Konsumsi Protein
Pasaman,0.1929291899032203,0.2054939089876011,0.173596179528144,0.2113501464055053,0.2166305751755289,Pangan Hewani
Kota Bandung,0.1890296904233646,0.1896313333047613,0.1958917889050002,0.2155137629044083,0.2099334244624654,Pangan Hewani
Muna Barat,0.1771479455225536,0.2236079811001973,0.1833026463685506,0.2179309792215386,0.1980104477871595,Pangan Hewani
Kota Samarinda,0.1667135915434405,0.2249699611225295,0.1890311935888516,0.2308105340328192,0.1884747197123589,Pangan Hewani
Tanah Datar,0.180369084413481,0.1960484360864238,0.1874405344110381,0.2151328952499445,0.2210090498391121,Pangan Hewani
Kota Padang,0.1866458901649508,0.1895156745694163,0.1752580474017436,0.2213340844816654,0.2272463033822236,Pangan Hewani
Sambas,0.1816668653339151,0.1695755331809916,0.1925996937125966,0.2250784843778741,0.2310794233946221,Pangan Hewani
Jember,0.1282839425830779,0.2313151071529396,0.2149697032649601,0.2002988106631307,0.2251324363358913,Kemiskinan
Bulukumba,0.1546216471130024,0.2221988196579329,0.2020470763953891,0.2158970021381292,0.205235454695546,Pangan Hewani
Kota Tasikmalaya,0.1856158907422654,0.1911951769816552,0.2024268633797504,0.2070905939218531,0.2136714749744755,Pangan Hewani
Kota Bukittinggi,0.1960236416178752,0.2062617128763997,0.1812672024900797,0.2035622839310011,0.212885159084644,RLS
Kepulauan Meranti,0.1578202461043002,0.1818172140435409,0.1876423760725921,0.2329960924297465,0.23972407134982,Pangan Hewani
Kubu Raya,0.1959069841042013,0.1582539810931839,0.1989955775415678,0.2268073681259474,0.2200360891350991,Pangan Hewani
Sikka,0.1417665967776851,0.2530169156504354,0.1437289759769445,0.2598027952134149,0.2016847163815198,Pangan Hewani
Bandung Barat,0.1900895715715836,0.1864856517324203,0.1945438781966564,0.2110409096135916,0.2178399888857478,Pangan Hewani
Bolaang Mongondow Utara,0.1820004593507998,0.2225164957693192,0.1928709784120751,0.187006390035698,0.2156056764321075,Kemiskinan
Kota Pontianak,0.1797541748766707,0.1449952755337319,0.1968756763566168,0.2427407164524028,0.2356341567805774,Pangan Hewani
Buol,0.1624304387542543,0.2355560187986538,0.1710682775964718,0.2025162259822967,0.2284290388683229,Kemiskinan
Donggala,0.1413600134779318,0.2325824228413039,0.186421567546469,0.2397473966902527,0.1998885994440424,Pangan Hewani
Bone Bolango,0.1779202654412735,0.2260966687461255,0.1830807560724484,0.1795673769095218,0.2333349328306304,RLS
Solok,0.1811838931158584,0.193022145803068,0.1822750036744397,0.2181324199088156,0.2253865374978179,Pangan Hewani
Lahat,0.1730099511605907,0.192218537510529,0.2237259127859338,0.1946003666824843,0.2164452318604618,Konsumsi Protein
Purworejo,0.1046820737168013,0.2397461605219805,0.1977102518111124,0.2108095774631985,0.247051936486907,RLS
Pasangkayu,0.1454347484109711,0.2413516764285562,0.1993847441207638,0.2338843580451532,0.1799444729945553,Pangan Hewani
Lima Puluh Kota,0.1937156503142068,0.1900862938152923,0.1832259232860673,0.2126993607613446,0.2202727718230887,Pangan Hewani
Kota Tarakan,0.1705071803706304,0.2246851915620157,0.1846438160356852,0.2322879886167272,0.1878758234149411,Pangan Hewani
Kota Prabumulih,0.1627183353434226,0.1886602213425878,0.2280282597901174,0.184931984288975,0.2356611992348968,Konsumsi Protein
Bangka,0.1722807126585744,0.1741196837273953,0.2295163128038349,0.1868600601901211,0.237223230620074,RLS
Solok Selatan,0.1874429371570308,0.1975388876549409,0.1770544666372303,0.2150249142446757,0.2229387943061217,Pangan Hewani
Muna,0.1655848928066318,0.2216994825472315,0.1853838838834943,0.2296139063514336,0.1977178344112083,Pangan Hewani
Kota Palopo,0.1416594704420055,0.2320188707549927,0.2091622134562413,0.2240474471495444,0.1931119981972157,Pangan Hewani
Kota Pekanbaru,0.1677597502985032,0.1926368135711475,0.1912604295951384,0.2281954650829427,0.2201475414522679,Pangan Hewani
Soppeng,0.161301945362038,0.2202351366775562,0.2005633063709632,0.2283704053115991,0.1895292062778432,Pangan Hewani
Gowa,0.1360947529077359,0.2242198988125232,0.1941378036027995,0.2324214370964401,0.2131261075805009,Pangan Hewani
Kayong Utara,0.1898392250286727,0.1572369232182707,0.2075268814173994,0.2268191733930321,0.2185777969426248,Pangan Hewani
Paser,0.1831134620580816,0.2224483263357202,0.2077495398108668,0.214063000122535,0.1726256716727961,Pangan Hewani
Labuhanbatu,0.1790104138537443,0.2202572338302685,0.187618302294831,0.2116693326008566,0.2014447174202993,Pangan Hewani
Majalengka,0.18136124837924,0.1946278755382268,0.1945572674944219,0.2190211181645173,0.2104324904235936,Pangan Hewani
Barru,0.1596582683742881,0.2186133989040563,0.209854372113927,0.2272299996635873,0.1846439609441409,Pangan Hewani
Rokan Hilir,0.189011419113119,0.2177480196971519,0.1801768378004007,0.204068471074059,0.2089952523152691,Kemiskinan
Kota Palangkaraya,0.2185638521130468,0.2098103900385668,0.2072351780662592,0.1783820930742864,0.1860084867078404,Melahirkan Tidak di Faskes
Natuna,0.161965486980183,0.1507602575997884,0.1883414977324661,0.2450663868311499,0.2538663708564124,Pangan Hewani
Tapin,0.1877732156901392,0.2314491360804089,0.1767199713176434,0.1814456866905587,0.2226119902212494,Kemiskinan
Kolaka Timur,0.1664761746476004,0.2136519971236706,0.200733232957739,0.2226648767150895,0.1964737185559002,Pangan Hewani
Kotawaringin Barat,0.2121384220063914,0.2030932419134702,0.1979283959842361,0.1953160359178587,0.1915239041780431,Melahirkan Tidak di Faskes
Mamuju Tengah,0.1533271323399618,0.2209211509360038,0.2075620288980856,0.2299831892438037,0.1882064985821446,Pangan Hewani
Kota Kotamobagu,0.1917318154828783,0.2188582633552268,0.1799411043488209,0.1813927155342591,0.2280761012788145,RLS
Enrekang,0.1523970558541079,0.2166472102520295,0.1991911323237425,0.225886869779322,0.2058777317907978,Pangan Hewani
Padang Pariaman,0.1870577374256218,0.2005043338795855,0.1812330371651054,0.2108946817622467,0.2203102097674403,Pangan Hewani
Kota Payakumbuh,0.1876019191516753,0.2131366543767488,0.165370972326378,0.2112764914500062,0.2226139626951913,RLS
Barito Timur,0.1815397767058931,0.211759329709737,0.2213791040202867,0.192316729181192,0.1930050603828907,Konsumsi Protein
Gorontalo Utara,0.1801069534918186,0.2300741699663928,0.1776147184750355,0.1917918185612017,0.2204123395055511,Kemiskinan
Halmahera Timur,0.2206669472555093,0.191059661331112,0.1795845526760915,0.1783231557921179,0.2303656829451689,Melahirkan Tidak di Faskes
Asahan,0.1634685943831492,0.2209022555983008,0.1943271122092439,0.2111034346991182,0.2101986031101875,Pangan Hewani
Agam,0.1869664268223293,0.206217235563689,0.1692344110280772,0.2138516318055054,0.2237302947803987,Pangan Hewani
Sekadau,0.2019196296067774,0.1938214107842146,0.1964824138525469,0.211925060326815,0.1958514854296458,Pangan Hewani
Banjarnegara,0.1147183372412315,0.2322467717177756,0.1987286495804406,0.2119941877504831,0.2423120537100687,RLS
Banyuwangi,0.1461616921281817,0.2330734379068907,0.2228993359729376,0.1909471493141733,0.2069183846778163,Kemiskinan
Kota Sawahlunto,0.1873726431253879,0.1847650856501713,0.1779791965746203,0.2197466251087904,0.2301364495410297,Pangan Hewani
Kota Batu,0.110425314536452,0.2328211307005364,0.2043203146298303,0.2092209529956228,0.2432122871375581,RLS
Pasaman Barat,0.1963444664917104,0.1976554726343382,0.1774394726789479,0.2090742045313313,0.2194863836636718,Pangan Hewani
Kota Tidore Kepulauan,0.2186545158697127,0.1928997986608239,0.1755501523961569,0.183824435592089,0.229071097481217,Melahirkan Tidak di Faskes
Mempawah,0.1869418669587608,0.1679698064656087,0.1886260204185349,0.2229714326654342,0.2334908734916611,Pangan Hewani
Boalemo,0.1545619854043932,0.2277604214508414,0.1883328165541945,0.2121956151821504,0.2171491614084201,Kemiskinan
Kolaka Utara,0.1654602516933519,0.2193564505195825,0.1832920972611515,0.2300538503285983,0.2018373501973152,Pangan Hewani
Konawe Selatan,0.1654602516933519,0.2193564505195825,0.1832920972611515,0.2300538503285983,0.2018373501973152,Pangan Hewani
Bangka Barat,0.1845169523629424,0.1793356786558564,0.2291030733523258,0.1886990069271764,0.2183452887016986,Konsumsi Protein
Mahakam Ulu,0.1983851920774765,0.2268575492318404,0.1896575319529755,0.2158790080618139,0.1692207186758933,Pangan Hewani
Kota Balikpapan,0.1644566996324274,0.2384789813610301,0.18588935616016,0.2274342563885402,0.183740706457842,Pangan Hewani
Kota Parepare,0.1534011854239024,0.2189601917418039,0.2132407779878405,0.2300463508492811,0.1843514939971716,Pangan Hewani
Landak,0.1840190849328657,0.1563879045770623,0.2036117165445818,0.2224370261328899,0.2335442678125999,Pangan Hewani
Kota Pasuruan,0.1167286291301179,0.237983119974155,0.2106559984026236,0.1854583250427212,0.249173927450382,RLS
Sijunjung,0.1860328814119283,0.1892903726965101,0.1687185710570977,0.2223564497373459,0.2336017250971176,Pangan Hewani
Kota Pariaman,0.1806555867987249,0.2031156772968691,0.17924006003169,0.2241216735831309,0.2128670022895847,Pangan Hewani
Toli Toli,0.1549100883650022,0.2285149659832961,0.1856838202543326,0.2171930679417549,0.2136980574556139,Pangan Hewani
Kota Tegal,0.1391673154855122,0.2287049524763323,0.1879206870923611,0.2041291672369484,0.2400778777088456,RLS
Kota Pangkal Pinang,0.1719236304378986,0.186315705807411,0.2235481501210924,0.1832908093703451,0.2349217042632526,RLS
Kutai Barat,0.17923996462852,0.2145697549420288,0.18813525311886,0.22597400810557,0.1920810192050209,Pangan Hewani
Bangkalan,0.1103527640412402,0.2353633217944383,0.2154976018461506,0.1919834204061882,0.2468028919119823,RLS
Kapuas,0.1973751906640675,0.2148142681623824,0.2032967295030226,0.197832901718566,0.1866809099519609,Kemiskinan
Kotawaringin Timur,0.1973751906640675,0.2148142681623824,0.2032967295030226,0.197832901718566,0.1866809099519609,Kemiskinan
Katingan,0.1973751906640675,0.2148142681623824,0.2032967295030226,0.197832901718566,0.1866809099519609,Kemiskinan
Lamandau,0.1973751906640675,0.2148142681623824,0.2032967295030226,0.197832901718566,0.1866809099519609,Kemiskinan
Toraja Utara,0.1468868368604111,0.2333243794641332,0.2128851918936126,0.2217716279651507,0.1851319638166919,Pangan Hewani
Purbalingga,0.1346959220182785,0.2182560315210396,0.1974265844759822,0.2189572272303898,0.2306642347543095,Pangan Hewani
Kota Tanjung Balai,0.1770871577803191,0.2291551617511346,0.1784081106130721,0.1980510396930208,0.2172985301624531,Kemiskinan
Konawe Kepulauan,0.1885471615720683,0.2039934918687314,0.1887094841222747,0.2158914003383052,0.2028584620986199,Pangan Hewani
Pangkajene dan Kepulauan,0.1441885777494826,0.2239830864514051,0.2126852172137105,0.2358948651743402,0.1832482534110613,Pangan Hewani
Kepulauan Sula,0.2151396965177448,0.1975452658873021,0.178980413543518,0.1811764649455103,0.2271581591059242,Melahirkan Tidak di Faskes
Halmahera Tengah,0.2151396965177448,0.1975452658873021,0.178980413543518,0.1811764649455103,0.2271581591059242,Melahirkan Tidak di Faskes
Pulau Morotai,0.2151396965177448,0.1975452658873021,0.178980413543518,0.1811764649455103,0.2271581591059242,Melahirkan Tidak di Faskes
Kota Palu,0.1493763961649755,0.230836387548154,0.1958630319406365,0.2428620141005207,0.1810621702457129,Pangan Hewani
Batang,0.1096794284099249,0.2197310898618628,0.2079000886291387,0.2252256764006979,0.2374637166983754,Pangan Hewani
Siak,0.1774255659185731,0.1937305581511029,0.1790945697422227,0.2310064365180496,0.2187428696700513,Pangan Hewani
Kota Padang Panjang,0.188183340185966,0.1999080610391007,0.1778842981415907,0.2108770893935061,0.2231472112398361,Pangan Hewani
Kota Singkawang,0.1777608564442682,0.1440438518365269,0.1959415572213721,0.234966549585834,0.2472871849119986,Pangan Hewani
Lumajang,0.1250244217039452,0.2265740526635468,0.2186911734304331,0.1905240158783021,0.2391863363237724,RLS
Barito Utara,0.192956814356456,0.2174863125183067,0.1985511874506677,0.2047094302244223,0.186296255450147,Pangan Hewani
Konawe Utara,0.1765161283080685,0.2296107254825219,0.18582384542922,0.2168326859158351,0.1912166148643542,Kemiskinan
Kutai Timur,0.1620723334954564,0.218576363360683,0.1763130076120651,0.2313608069997502,0.211677488532045,Pangan Hewani
Kota Ternate,0.2179428219223941,0.1897999498779189,0.1786295311849764,0.1828415518745155,0.2307861451401947,Melahirkan Tidak di Faskes
Ogan Komering Ulu,0.1660873239727383,0.1759475229955027,0.2272972732476137,0.1904658092120773,0.2402020705720677,RLS
Sukamara,0.1980468121714585,0.1859727656674188,0.2117419955987344,0.2247183204634303,0.1795201060989576,Pangan Hewani
Garut,0.1696579559142046,0.1810123533958007,0.2013197666566707,0.2174099231399288,0.2306000008933948,Pangan Hewani
Bone,0.1523916353565898,0.2313886797554326,0.197541270179983,0.2181934958719539,0.2004849188360403,Kemiskinan
Pekalongan,0.1210135506009751,0.2177586833105763,0.2128188730440902,0.2173635063857896,0.2310453866585683,RLS
Pangandaran,0.1776104527605928,0.1978330078341671,0.186310261264727,0.212473650813557,0.2257726273269557,Pangan Hewani
Pinrang,0.157921559648483,0.2178587577848204,0.2127491224960489,0.2312957318941933,0.180174828176454,Pangan Hewani
Tapanuli Tengah,0.1976890731953128,0.2242306914081598,0.1845762375126698,0.2107431041947198,0.1827608936891375,Kemiskinan
Bondowoso,0.1408913056803103,0.2360372476685423,0.2184182062610961,0.1823116900661209,0.2223415503239301,Kemiskinan
Kuantan Singingi,0.1791919329320506,0.1868351573119521,0.183865003047604,0.2319280965915086,0.2181798101168843,Pangan Hewani
Kota Depok,0.1593000333036238,0.1847823757645325,0.2011265174958978,0.2204959249612825,0.2342951484746631,Pangan Hewani
Konawe,0.1683064763148364,0.2116283083552336,0.1954627652425193,0.2256355604325757,0.1989668896548346,Pangan Hewani
Kota Makassar,0.1407759998440492,0.237002628167835,0.1834229430986792,0.2229274535365752,0.215870975352861,Kemiskinan
Supiori,0.2080639734698958,0.1998576472633928,0.1719802322368379,0.2223231872585903,0.1977749597712829,Pangan Hewani
Kota Pekalongan,0.1257591817019226,0.2181521474157319,0.2024001202981289,0.219712922592824,0.2339756279913923,Pangan Hewani
Temanggung,0.1093628059744253,0.2371900771426341,0.1928465349680301,0.2088582812391564,0.2517423006757538,RLS
Brebes,0.1506696469839578,0.2140340749719166,0.2040778158412028,0.2024346621114142,0.2287838000915081,RLS
Buton,0.1576254130557931,0.2200864307566603,0.1664337831319997,0.2353063941135193,0.2205479789420273,Pangan Hewani
Buru,0.2049076373584814,0.1956734918208479,0.1651737556904305,0.209738371667682,0.2245067434625579,Pangan Hewani
Belitung,0.2170664519037735,0.1991205353032086,0.1697679690069445,0.1821513368353708,0.2318937069507022,Melahirkan Tidak di Faskes
Buru Selatan,0.1811733860659385,0.21710586824412,0.1548098064225811,0.2148097012981006,0.2321012379692594,RLS
Indragiri Hulu,0.2119857467688264,0.1966428038275283,0.1760274213710603,0.1883400206084152,0.2270040074241695,Melahirkan Tidak di Faskes
Pesisir Barat,0.1640994512893769,0.1817622336647582,0.2001058290816957,0.2194622936401709,0.2345701923239979,Pangan Hewani
Tebo,0.213853150413445,0.1971079543751442,0.1654824313210866,0.1942723063179642,0.2292841575723597,Melahirkan Tidak di Faskes
Samosir,0.2017101989595204,0.2232945191513515,0.1745170752887865,0.1927030737483085,0.2077751328520327,Kemiskinan
Muko Muko,0.1938312675036252,0.2063594148277985,0.1806806263215471,0.1971290017730335,0.2219996895739955,RLS
Hulu Sungai Tengah,0.1888223301718133,0.2241254614303545,0.1937163888921845,0.2084013717061933,0.184934447799454,Kemiskinan
Sanggau,0.2109524995185771,0.1639454703849222,0.2103967404583651,0.2267353797063663,0.1879699099317689,Pangan Hewani
Jembrana,0.1463586469673607,0.2346766546146576,0.2187080678722851,0.2074400202564032,0.1928166102892931,Kemiskinan
Kepulauan Mentawai,0.1910519105635091,0.200290599812722,0.1796438011886245,0.2064277792383116,0.2225859091968324,Pangan Hewani
Tojo Una Una,0.1652974124223337,0.2258254855629635,0.1896948859635441,0.2095327534422687,0.2096494626088897,Kemiskinan
Parigi Moutong,0.1533608067786868,0.2335738362536073,0.1910016260359897,0.2046866004913731,0.2173771304403427,Kemiskinan
Wajo,0.1599165125588336,0.2094401648760339,0.2151269333388748,0.2313498385505835,0.1841665506756738,Pangan Hewani
Sintang,0.2226226498319369,0.2062774705099585,0.1851626084344676,0.1911323037390015,0.1948049674846353,Melahirkan Tidak di Faskes
Mandailing Natal,0.2220767166206667,0.1995980007249458,0.1763018198361264,0.2057306450930421,0.1962928177252186,Melahirkan Tidak di Faskes
Luwu Timur,0.1579127612000552,0.2332741290928356,0.1973386725723514,0.2168029902169507,0.1946714469178068,Kemiskinan
Kediri,0.1080593701121743,0.2274901017718741,0.1970971175187909,0.2232420943932103,0.2441113162039501,RLS
Pesisir Selatan,0.1836734557124931,0.2002349508676502,0.1800210078564811,0.2097111595113181,0.2263594260520572,Pangan Hewani
Malang,0.1079678290799761,0.2467375622545259,0.2116726077882536,0.2038305380379562,0.2297914628392879,Kemiskinan
Sidoarjo,0.1191354339889162,0.2294262884869133,0.2060000802083672,0.1988922215921331,0.2465459757236697,RLS
Kota Probolinggo,0.1191354339889162,0.2294262884869133,0.2060000802083672,0.1988922215921331,0.2465459757236697,RLS
Ponorogo,0.1191354339889162,0.2294262884869133,0.2060000802083672,0.1988922215921331,0.2465459757236697,RLS
Kota Surabaya,0.1191354339889162,0.2294262884869133,0.2060000802083672,0.1988922215921331,0.2465459757236697,RLS
Probolinggo,0.1191354339889162,0.2294262884869133,0.2060000802083672,0.1988922215921331,0.2465459757236697,RLS
Kota Mojokerto,0.1191354339889162,0.2294262884869133,0.2060000802083672,0.1988922215921331,0.2465459757236697,RLS
Pamekasan,0.1191354339889162,0.2294262884869133,0.2060000802083672,0.1988922215921331,0.2465459757236697,RLS
Kota Bontang,0.1587711243973315,0.2183158925135288,0.184485352267429,0.2355218495741096,0.2029057812476008,Pangan Hewani
Halmahera Barat,0.2069212112303942,0.2004550963963555,0.1852371323986079,0.1831467979615905,0.2242397620130516,Melahirkan Tidak di Faskes
Bekasi,0.1799428547909595,0.1885071015864061,0.1936703080227144,0.2102674563316311,0.2276122792682883,Pangan Hewani
Bogor,0.1799428547909595,0.1885071015864061,0.1936703080227144,0.2102674563316311,0.2276122792682883,RLS
Kota Sukabumi,0.1799428547909595,0.1885071015864061,0.1936703080227144,0.2102674563316311,0.2276122792682883,RLS
Ciamis,0.1799428547909595,0.1885071015864061,0.1936703080227144,0.2102674563316311,0.2276122792682883,RLS
Cirebon,0.1799428547909595,0.1885071015864061,0.1936703080227144,0.2102674563316311,0.2276122792682883,RLS
Sumedang,0.1839267586490335,0.1771730855555748,0.203871575497658,0.2088335618356264,0.226195018462107,RLS
Penukal Abab Lematang Ilir,0.1820642956059557,0.1858925131298872,0.2154999064778142,0.1836064691598612,0.2329368156264813,RLS
Manokwari,0.2114478095465605,0.1951521641855898,0.1674380881416204,0.2292660066400255,0.1966959314862034,Pangan Hewani
Rejang Lebong,0.2018389204924776,0.2019877740301376,0.185423699853369,0.1909103412089872,0.2198392644150282,RLS
Kota Palembang,0.1747291693548376,0.1898776114990567,0.2171698492393054,0.1831979231578491,0.2350254467489508,RLS
Kolaka,0.1748063308467229,0.2082778483201521,0.2023195510018064,0.2264469248644991,0.1881493449668192,Pangan Hewani
Cianjur,0.1805784810559889,0.1753373076025831,0.201892122193727,0.2118413153195039,0.2303507738281966,RLS
Tana Toraja,0.1456206394852367,0.2211020700009509,0.2170142524432,0.2396633904843589,0.1765996475862531,Pangan Hewani
Lamongan,0.1118701323012784,0.2246820652136421,0.2102642357792291,0.2098623752082125,0.2433211914976375,RLS
Merangin,0.2022450344503581,0.1886329730799044,0.1916794842015839,0.1964440620515523,0.2209984462166009,Melahirkan Tidak di Faskes
Tasikmalaya,0.1916537263545565,0.2010455327044889,0.189245389884108,0.1980199866195132,0.2200353644373331,RLS
Kota Sungai Penuh,0.2072121777804864,0.207993350614786,0.1645936184711208,0.1929328366026084,0.2272680165309981,RLS
Situbondo,0.1412483221855311,0.239463542455127,0.2197542105159243,0.1887424543536849,0.2107914704897323,Kemiskinan
Sigi,0.1480351530908296,0.2208728298274943,0.1999860204035539,0.2408801861622659,0.1902258105158559,Pangan Hewani
Jeneponto,0.1503486089412144,0.2476759068353254,0.1950017805803495,0.2276389543377542,0.1793347493053562,Kemiskinan
Kebumen,0.1113128536709929,0.2344452705676663,0.1869188115571914,0.2126834375194473,0.2546396266847017,RLS
Lebong,0.1961596430093687,0.2049927060493865,0.1837094015823567,0.1896927962598491,0.2254454530990386,RLS
Sampang,0.118180441488686,0.2267268249347134,0.2128754247259662,0.1950031122033985,0.2472141966472355,RLS
Tapanuli Selatan,0.2036784199131555,0.2259353742024214,0.1832986367622936,0.1816852932158654,0.2054022759062638,Kemiskinan
Kota Malang,0.118602046852798,0.2256761844137337,0.2157493488420971,0.1937315131587807,0.2462409067325901,RLS
Simalungun,0.1797000631535987,0.229176101282433,0.1796776237610705,0.2030009482104368,0.2084452635924606,Kemiskinan
Blitar,0.0997693104576909,0.2387105196430184,0.2040354132965096,0.1978165127601886,0.2596682438425921,RLS
Kepulauan Talaud,0.2042688330768423,0.1906619797583129,0.1881406468875696,0.1913999281715961,0.2255286121056788,Melahirkan Tidak di Faskes
Sarolangun,0.1928353213456666,0.1963291694518195,0.1739934151430512,0.2077396339187319,0.2291024601407304,RLS
Empat Lawang,0.1880695279154335,0.18876995668788,0.2070192325493159,0.1875832892587285,0.2285579935886418,RLS
Jombang,0.104345591231284,0.2279004722874851,0.2105160342224841,0.207703491904367,0.2495344103543795,RLS
Rokan Hulu,0.1874155607170716,0.2005261682474564,0.1772970781975251,0.2064093492645417,0.2283518435734048,RLS
Cilacap,0.1647573146285421,0.2068051471213997,0.1935104599181994,0.205826873939519,0.2291002043923393,RLS
Musi Rawas,0.1775995393350863,0.2034433851225734,0.1982740449497708,0.1947278203152444,0.2259552102773249,RLS
Karimun,0.1850566451654056,0.173721319869865,0.1850764433182604,0.2167527725929899,0.2393928190534788,RLS
Kota Pagar Alam,0.1774582990590673,0.1882405943309398,0.2107819003776229,0.1900056729271449,0.2335135333052245,RLS
Musi Banyuasin,0.1774582990590673,0.1882405943309398,0.2107819003776229,0.1900056729271449,0.2335135333052245,RLS
Ogan Komering Ulu Timur,0.1774582990590673,0.1882405943309398,0.2107819003776229,0.1900056729271449,0.2335135333052245,RLS
Banyuasin,0.1774582990590673,0.1882405943309398,0.2107819003776229,0.1900056729271449,0.2335135333052245,RLS
Musi Rawas Utara,0.1774582990590673,0.1882405943309398,0.2107819003776229,0.1900056729271449,0.2335135333052245,RLS
Padang Lawas,0.1890136731142941,0.2254853218253392,0.1818056878184284,0.2026486836672615,0.2010466335746762,Kemiskinan
Padang Lawas Utara,0.1890136731142941,0.2254853218253392,0.1818056878184284,0.2026486836672615,0.2010466335746762,Kemiskinan
Batu Bara,0.1890136731142941,0.2254853218253392,0.1818056878184284,0.2026486836672615,0.2010466335746762,Kemiskinan
Nias Utara,0.1890136731142941,0.2254853218253392,0.1818056878184284,0.2026486836672615,0.2010466335746762,Kemiskinan
Karo,0.1890136731142941,0.2254853218253392,0.1818056878184284,0.2026486836672615,0.2010466335746762,Kemiskinan
Langkat,0.1890136731142941,0.2254853218253392,0.1818056878184284,0.2026486836672615,0.2010466335746762,Kemiskinan
Labuhanbatu Utara,0.1890136731142941,0.2254853218253392,0.1818056878184284,0.2026486836672615,0.2010466335746762,Kemiskinan
Labuhanbatu Selatan,0.1890136731142941,0.2254853218253392,0.1818056878184284,0.2026486836672615,0.2010466335746762,Kemiskinan
Kota Tebing Tinggi,0.1890136731142941,0.2254853218253392,0.1818056878184284,0.2026486836672615,0.2010466335746762,Kemiskinan
Nias,0.1890136731142941,0.2254853218253392,0.1818056878184284,0.2026486836672615,0.2010466335746762,Kemiskinan
Deli Serdang,0.1890136731142941,0.2254853218253392,0.1818056878184284,0.2026486836672615,0.2010466335746762,Kemiskinan
Toba,0.1890136731142941,0.2254853218253392,0.1818056878184284,0.2026486836672615,0.2010466335746762,Kemiskinan
Kota Medan,0.1890136731142941,0.2254853218253392,0.1818056878184284,0.2026486836672615,0.2010466335746762,Kemiskinan
Kota Sibolga,0.1890136731142941,0.2254853218253392,0.1818056878184284,0.2026486836672615,0.2010466335746762,Kemiskinan
Ogan Komering Ulu Selatan,0.175926559999085,0.1804928957429902,0.2089617704921581,0.2026476397776846,0.2319711339880817,RLS
Nunukan,0.1725305197975759,0.2133374507509344,0.1819385382576654,0.2365399602320214,0.1956535309618023,Pangan Hewani
Bulungan,0.1725305197975759,0.2133374507509344,0.1819385382576654,0.2365399602320214,0.1956535309618023,Pangan Hewani
Kota Banjar,0.1601481502567673,0.2077085578526382,0.1936412291145396,0.2074975248950747,0.2310045378809798,RLS
Kota Yogyakarta,0.111160113222926,0.2309115485974943,0.2006782420283205,0.2029544582270735,0.2542956379241855,RLS
Kota Pematangsiantar,0.1902672586411373,0.2367250968196468,0.1830039711429218,0.213229617721966,0.1767740556743278,Kemiskinan
Bojonegoro,0.1237603012364749,0.2295466055104139,0.1941566627533197,0.1990374634973737,0.2534989670024175,RLS
Kotabaru,0.1747025336896381,0.2336796538047186,0.1971484669800225,0.2095956325729527,0.1848737129526678,Kemiskinan
Aceh Singkil,0.1832248967498753,0.2297533069454974,0.1837806044531608,0.2056170120587434,0.1976241797927227,Kemiskinan
Indramayu,0.1831588200150259,0.1980555173640384,0.1827254704916577,0.2058187820440707,0.2302414100852071,RLS
Tabanan,0.1632645411607655,0.2417636813645851,0.2173056373202552,0.1859799209254092,0.1916862192289846,Kemiskinan
Minahasa Tenggara,0.1931084449968003,0.2062569155833066,0.1834258631785405,0.1864552273837064,0.2307535488576456,RLS
Bolaang Mongondow Timur,0.1931084449968003,0.2062569155833066,0.1834258631785405,0.1864552273837064,0.2307535488576456,RLS
Seluma,0.1723529152047984,0.1844597720131201,0.2087361494899839,0.2011116965571595,0.2333394667349377,RLS
Sleman,0.1044492016719941,0.2236759433229996,0.2108977123975294,0.2122736505524037,0.2487034920550728,RLS
Bengkayang,0.1746433247370458,0.1694920951150992,0.1944988883664402,0.2178375266455328,0.2435281651358817,RLS
Bantaeng,0.1514977773049317,0.2355944254698334,0.1954096115617991,0.2076549162295333,0.2098432694339021,Kemiskinan
Wonosobo,0.107643331007409,0.2295754242164817,0.1986563045157171,0.2084705647990196,0.2556543754613724,RLS
Aceh Selatan,0.1816766598606472,0.2265391527553736,0.1953820644397642,0.1964976851293731,0.1999044378148415,Kemiskinan
Fak Fak,0.1854230772257344,0.1759265701255357,0.1712814169119907,0.2471339637165906,0.2202349720201483,Pangan Hewani
Mojokerto,0.1130327085586164,0.2339072221554891,0.1997059020981997,0.192268799247217,0.2610853679404774,RLS
Bantul,0.1074903209432115,0.2311221169036432,0.2002018146782615,0.2028214404730353,0.2583643070018481,RLS
Berau,0.1635107205727896,0.2158473418131687,0.1863268976574495,0.2432604930303795,0.1910545469262124,Pangan Hewani
Humbang Hasundutan,0.1810405303544318,0.2256611895093746,0.1980792990158762,0.1981560310967725,0.1970629500235445,Kemiskinan
Belitung Timur,0.1890308298707887,0.1956399388715909,0.1959282939663253,0.1958211600857004,0.2235797772055943,RLS
Seruyan,0.185886498568031,0.2271189125109043,0.1924775042165306,0.1993789747176051,0.1951381099869286,Kemiskinan
Kota Jambi,0.2040095512964722,0.2001080343680244,0.1867565823413512,0.1773100592135867,0.2318157727805651,Melahirkan Tidak di Faskes
Tuban,0.1187515924675341,0.2286615173755289,0.1963651728769415,0.1996280874327033,0.2565936298472919,RLS
Kepulauan Yapen,0.1762652146168876,0.2003632166788048,0.1786916367316839,0.236340054460549,0.2083398775120744,Pangan Hewani
Nias Barat,0.1837964166602306,0.2280368259086903,0.1889463556683146,0.2000133696152982,0.1992070321474658,Kemiskinan
Banggai Kepulauan,0.1939941205401404,0.2237867800748473,0.1942755051143727,0.1922475633290742,0.195696030941565,Kemiskinan
Kota Salatiga,0.1025302635569597,0.2286448211559377,0.2088667723734466,0.2027137490313088,0.2572443938823469,RLS
Tulungagung,0.1351490545765496,0.2201985076667117,0.1881343242304043,0.2076253909990612,0.2488927225272728,RLS
Kota Manado,0.1920996452020929,0.2033320018668806,0.1811399160059701,0.1912808896257144,0.2321475472993416,RLS
Bangka Selatan,0.1756922079025275,0.1686312031726015,0.2179062571197218,0.1909467488095781,0.2468235829955709,RLS
Halmahera Utara,0.2055975368014976,0.1999743865759028,0.1827416034283318,0.1771439348759554,0.2345425383183121,RLS
Pasuruan,0.1094493850652139,0.2519435541459349,0.2228855377803573,0.1949641227937414,0.2207574002147521,Kemiskinan
Penajam Paser Utara,0.1758238655966993,0.213824600126614,0.1884742652871237,0.2429035526755999,0.1789737163139629,Pangan Hewani
Banggai,0.1792958935331483,0.2410975339810875,0.1738598912678597,0.1938660204423721,0.211880660775532,Kemiskinan
Minahasa,0.2009237771717624,0.1980020556161685,0.1798676192704184,0.1908281770875464,0.2303783708541039,RLS
Lebak,0.1652451007629862,0.1817751368704621,0.1705119091583971,0.2263741414604249,0.2560937117477295,RLS
Kota Tomohon,0.1898144993107701,0.2077142130148742,0.1839449316652059,0.1810749685589387,0.2374513874502108,RLS
Bangka Tengah,0.1784926253253042,0.1709777205792021,0.2174071940583782,0.1859040086130997,0.2472184514240156,RLS
Majene,0.1464885508187989,0.201040362420871,0.2143785470339303,0.2441979183665344,0.193894621359865,Pangan Hewani
Malinau,0.1693455147540864,0.2024773776596354,0.1905422718297736,0.2337430134637584,0.203891822292746,Pangan Hewani
Kota Semarang,0.1055048953707435,0.2265785464904578,0.2012684930206388,0.2101681671714554,0.2564798979467041,RLS
Magelang,0.1182142654202029,0.2215887927675296,0.1993513343196037,0.2092545339247213,0.2515910735679421,RLS
Jepara,0.1182142654202029,0.2215887927675296,0.1993513343196037,0.2092545339247213,0.2515910735679421,RLS
Kudus,0.1182142654202029,0.2215887927675296,0.1993513343196037,0.2092545339247213,0.2515910735679421,RLS
Boyolali,0.1182142654202029,0.2215887927675296,0.1993513343196037,0.2092545339247213,0.2515910735679421,RLS
Semarang,0.1182142654202029,0.2215887927675296,0.1993513343196037,0.2092545339247213,0.2515910735679421,RLS
Karanganyar,0.1182142654202029,0.2215887927675296,0.1993513343196037,0.2092545339247213,0.2515910735679421,RLS
Nganjuk,0.1167851630054749,0.2323002265655668,0.1925324937992893,0.1958693378950088,0.26251277873466,RLS
Kota Jayapura,0.1782837954634125,0.2067645151129808,0.1863652550065644,0.2371985193639929,0.191387915053049,Pangan Hewani
Kepulauan Selayar,0.1411446463332257,0.2553445301152941,0.1735227845200997,0.224700895720048,0.2052871433113322,Kemiskinan
Waropen,0.1774361621802619,0.2155655856620134,0.1767246061747454,0.2462576433870965,0.1840160025958824,Pangan Hewani
Tana Tidung,0.177738864268011,0.2128497830311523,0.1706295269075375,0.2435888786155788,0.1951929471777201,Pangan Hewani
Keerom,0.1822167099080983,0.2061432050171026,0.1807863677992727,0.2372205802460481,0.1936331370294777,Pangan Hewani
Mamberamo Raya,0.1822167099080983,0.2061432050171026,0.1807863677992727,0.2372205802460481,0.1936331370294777,Pangan Hewani
Biak Numfor,0.1822167099080983,0.2061432050171026,0.1807863677992727,0.2372205802460481,0.1936331370294777,Pangan Hewani
Jayapura,0.1822167099080983,0.2061432050171026,0.1807863677992727,0.2372205802460481,0.1936331370294777,Pangan Hewani
Morowali,0.1734855931128303,0.2375018642047885,0.1911333391010797,0.2064242063172178,0.1914549972640834,Kemiskinan
Minahasa Selatan,0.1929584361023034,0.2073184113728939,0.1782821539669082,0.1830163822370007,0.2384246163208935,RLS
Sabu Raijua,0.1565133977829825,0.2659557497949172,0.167781088215336,0.2347264909087859,0.1750232732979781,Kemiskinan
Ogan Ilir,0.1813351978754598,0.176422488857721,0.2185848278904199,0.1738232987412718,0.2498341866351272,RLS
Kota Subulussalam,0.1826898594635558,0.2288943160959123,0.1937260166363345,0.1974707965910858,0.1972190112131113,Kemiskinan
Pegunungan Arfak,0.2047140481764874,0.1964688282833894,0.1698956915324579,0.2362890217463051,0.1926324102613599,Pangan Hewani
Aceh Tenggara,0.1839658385252606,0.2359194492891518,0.1836169837860096,0.1924482253208259,0.2040495030787517,Kemiskinan
Kota Batam,0.2038509114652864,0.1825039665973095,0.1853540211258843,0.1921495999204027,0.2361415008911168,RLS
Buleleng,0.1676355174821835,0.238926646799262,0.2065989069163503,0.1997697217366696,0.1870692070655343,Kemiskinan
Kota Kediri,0.1183346670456962,0.2253556699729869,0.1896004110979297,0.2089457237506792,0.2577635281327077,RLS
Sukoharjo,0.1220355619411446,0.223170546321931,0.2009014270793269,0.1980922531785885,0.2558002114790086,RLS
Kota Bogor,0.1646093995916328,0.1877302771416006,0.1844806045301173,0.215146711253593,0.2480330074830559,RLS
Klaten,0.1046363532833515,0.2291201741567129,0.1944387517189135,0.2094081681482057,0.2623965526928161,RLS
Tulang Bawang Barat,0.1734090120365746,0.1789267299419795,0.2085089507358195,0.1969433163252005,0.2422119909604255,RLS
Kota Blitar,0.1132964639493417,0.2246598774241464,0.2014612771233636,0.202121022339849,0.2584613591632989,RLS
Trenggalek,0.1129810785931063,0.2237763228479218,0.205804533475517,0.1997733927693427,0.2576646723141118,RLS
Kota Bekasi,0.1631938970454906,0.1849622889541761,0.1868446714288675,0.2154355600337723,0.2495635825376932,RLS
Kota Tangerang Selatan,0.1731795513406757,0.1783416701335373,0.1865676945566154,0.2138011261584568,0.2481099578107145,RLS
Maluku Tengah,0.1862980783564855,0.1831787854718764,0.1641120596267787,0.2503857709274525,0.2160253056174066,Pangan Hewani
Muaro Jambi,0.1989501712507435,0.1979028846046715,0.1757486202337372,0.1940800271571519,0.2333182967536954,RLS
Bungo,0.1989501712507435,0.1979028846046715,0.1757486202337372,0.1940800271571519,0.2333182967536954,RLS
Kerinci,0.1989501712507435,0.1979028846046715,0.1757486202337372,0.1940800271571519,0.2333182967536954,RLS
Batanghari,0.1989501712507435,0.1979028846046715,0.1757486202337372,0.1940800271571519,0.2333182967536954,RLS
Madiun,0.1244548544282118,0.2192503506772285,0.2005634331166005,0.202070126584514,0.2536612351934449,RLS
